3,2
3,1
3,3
10,150
10,88
10,178
10,300
10,74
10,116
10,286
10,196
8,4
8,11
8,2
8,3
70,2
70,0
64,3
64,2
64,1
20,3
20,2
20,1
12,3
19,2
19,1
19,3
12,2
12,1
11,30
11,29
11,28
11,27
11,26
11,25
11,24
11,23
11,22
11,21
11,20
11,19
11,18
11,17
11,16
11,15
11,14
11,13
11,12
11,11
11,10
11,9
11,8
11,7
11,6
11,4
11,3
11,2
11,1
10,291
10,283
10,278
10,261
10,259
10,255
10,245
10,229
10,226
10,225
10,217
10,203
10,200
10,194
10,175
10,171
10,165
10,151
10,145
10,141
10,137
10,131
10,126
10,123
10,121
10,119
10,111
10,103
10,81
18,1
10,75
18,3
10,73
10,29
10,25
14,1
10,19
14,3
10,16
13,1
10,11
10,3
13,3
10,2
10,1
9,7
9,6
